E 0 0 -1
V 0 0 1
F 45
R 256 256
M 0.1 0.1 0.1 0.2 0.9 0.3 20.0 0 1.0 1.6
S 0 -0.1 0.5 0.2
M 1.0 1.0 0.5 0.1 0.9 0.3 20 0.2 0.0 0.0
T -0.5 -0.5 0.0 0.5 -0.5 1.0 -0.5 -0.5 1.0
T -0.5 -0.5 0.0  0.5 -0.5 0.0 0.5 -0.5 1.0
M 1.0 0.5 1.0 0.1 0.9 0.3 20 0.2 0.0 0.0
T -0.5 -0.5 1.0 0.5 0.5 1.0 -0.5 0.5 1.0
T -0.5 -0.5 1.0 0.5 -0.5 1.0 0.5 0.5 1.0
M 0.5 1.0 1.0 0.1 0.9 0.3 20 0.2 0.0 0.0
T -0.5 -0.5 0 -0.5 0.5 1.0 -0.5 0.5 0
T -0.5 -0.5 0 -0.5 -0.5 1.0 -0.5 0.5 1.0
M 0.5 0.5 0.5 0.1 0.9 0.3 20 0.2 0.0 0.0
T -0.5 0.5 0 -0.5 0.5 1.0 0.5 0.5 1.0
T -0.5 0.5 0 0.5 0.5 1.0 0.5 0.5 0
M 0.5 0.3 0.8 0.1 0.9 0.3 20 0.2 0.0 0.0
T 0.5 -0.5 0 0.5 0.5 0 0.5 -0.5 1.0
T 0.5 -0.5 1.0 0.5 0.5 0 0.5 0.5 1.0
M 0.9 0.2 0.4 0.1 0.9 0.3 20 0.2 0.0 0.0
T -0.5 -0.5 0 -0.5 0.5 0 0.5 0.5 0
T -0.5 -0.5 0 0.5 0.5 0 0.5 -0.5 0
L 0 0.49 0.5