E 0 0 -1
V 0 0 1
F 45
R 160 160
M 0.1 0.1 0.1 0.2 0.9 0.3 20.0 0.8 0 1.6
S -0.2 -0.3 0.65 0.2
M 0.1 0.1 0.1 0.2 0.9 0.3 20.0 0 1.0 1.6
S 0.2 -0.3 0.45 0.2
M 0.8 0.8 0.5 0.1 0.4 0.3 20 0.3 0.0 0.0
T -0.5 -0.5 0.0 0.5 -0.5 1.0 -0.5 -0.5 1.0
T -0.5 -0.5 0.0  0.5 -0.5 0.0 0.5 -0.5 1.0
M 0.8 0.5 0.8 0.1 0.4 0.3 20 0.3 0.0 0.0
T -0.5 -0.5 1.0 0.5 0.5 1.0 -0.5 0.5 1.0
T -0.5 -0.5 1.0 0.5 -0.5 1.0 0.5 0.5 1.0
M 0.5 0.8 0.8 0.1 0.9 0.3 20 0.3 0.0 0.0
T -0.5 -0.5 0 -0.5 0.5 1.0 -0.5 0.5 0
T -0.5 -0.5 0 -0.5 -0.5 1.0 -0.5 0.5 1.0
M 0.5 0.5 0.5 0.1 0.4 0.3 20 0.3 0.0 0.0
T -0.5 0.5 0 -0.5 0.5 1.0 0.5 0.5 1.0
T -0.5 0.5 0 0.5 0.5 1.0 0.5 0.5 0
M 0.5 0.3 0.8 0.1 0.9 0.3 20 0.3 0.0 0.0
T 0.5 -0.5 0 0.5 0.5 0 0.5 -0.5 1.0
T 0.5 -0.5 1.0 0.5 0.5 0 0.5 0.5 1.0
M 0.9 0.2 0.4 0.1 0.4 0.3 20 0.3 0.0 0.0
T -0.5 -0.5 0 -0.5 0.5 0 0.5 0.5 0
T -0.5 -0.5 0 0.5 0.5 0 0.5 -0.5 0
RectL 0.3 0.49 0.7 0.2 0.2 20 20