M 1.0 1.0 0.5 0.1 0.9 0.3 20 0.2 0.0 0.0
T -0.5 -0.5 0.0 -0.5 -0.5 1.0 0.5 -0.5 1.0
T -0.5 -0.5 0.0 0.5 -0.5 1.0 0.5  -0.5 0.0
M 1.0 0.5 1.0 0.1 0.9 0.3 20 0.2 0.0 0.0
T -0.5 -0.5 1.0 0.5 0.5 1.0 -0.5 0.5 1.0
T -0.5 -0.5 1.0 0.5 -0.5 1.0 0.5 0.5 1.0
M 0.5 1.0 1.0 0.1 0.9 0.3 20 0.2 0.0 0.0
T -0.5 -0.5 0 -0.5 0.5 1.0 -0.5 0.5 0
T -0.5 -0.5 0 -0.5 -0.5 1.0 -0.5 0.5 1.0
M 0.5 0.5 0.5 0.1 0.9 0.3 20 0.2 0.0 0.0
T -0.5 0.5 0 -0.5 0.5 1.0 0.5 0.5 1.0
T -0.5 0.5 0 0.5 0.5 1.0 0.5 0.5 0
M 0.5 0.3 0.8 0.1 0.9 0.3 20 0.2 0.0 0.0
T 0.5 -0.5 0 0.5 0.5 0 0.5 -0.5 1.0
T 0.5 -0.5 1.0 0.5 0.5 0 0.5 0.5 1.0
M 0.9 0.2 0.4 0.1 0.9 0.3 20 0.2 0.0 0.0
T -0.5 -0.5 0 -0.5 0.5 0 0.5 0.5 0
T -0.5 -0.5 0 0.5 0.5 0 0.5 -0.5 0
L 5.0 5.0 -5.0